0 62 2494
0 45 885
0 44 1435
0 104 2103
1 22 758
1 51 1881
2 25 743
2 53 1229
2 97 1706
2 38 1306
3 35 765
3 34 598
3 104 460
4 34 1015
4 72 656
4 0 995
5 109 2091
5 73 2284
5 22 1507
5 3 488
6 91 2181
6 103 1937
6 43 1415
6 101 1995
7 58 1811
7 55 938
8 56 977
8 71 144
9 112 321
9 58 692
9 55 2115
10 89 1626
10 37 1885
11 71 1657
11 78 2234
11 37 1123
11 84 1028
12 42 1299
12 20 619
13 77 2466
13 78 1068
14 47 1512
14 16 2349
14 101 865
15 52 1967
15 95 1653
15 27 998
16 49 824
16 53 1233
16 20 1179
17 110 1486
17 27 1102
17 39 542
17 100 764
18 13 171
18 73 2485
18 57 2448
18 50 470
19 82 596
19 8 2410
19 105 1927
19 71 1625
20 100 1131
20 46 492
20 106 1238
20 97 1808
21 76 432
21 44 952
22 38 2371
22 59 498
22 7 486
22 19 1634
23 65 2249
23 21 1575
24 61 1597
24 41 2138
24 55 406
24 111 2177
25 39 378
25 89 834
25 40 1919
25 5 218
26 41 272
26 8 2426
27 98 510
27 47 874
27 48 1444
28 74 1194
28 99 704
29 78 530
29 98 177
30 97 2244
30 72 1153
31 51 259
31 26 686
32 66 684
32 74 1560
32 23 1849
33 109 1058
33 9 768
34 103 2255
34 107 662
34 10 1568
34 11 254
35 84 2346
35 59 1700
35 7 585
35 95 411
36 27 182
36 13 233
36 98 2019
37 3 628
37 112 769
37 29 1115
37 98 2427
38 107 1495
38 88 2287
38 25 1486
39 111 1264
39 73 1819
39 81 1136
39 94 595
40 15 1454
40 6 728
41 11 2131
41 20 1892
41 24 2457
42 93 2061
42 74 138
42 45 1610
43 88 347
43 0 2230
44 31 1226
44 77 1617
44 33 315
44 98 2106
45 20 339
45 26 2096
45 0 431
46 21 980
46 74 379
46 67 675
47 48 682
47 1 1995
48 33 2343
48 35 1654
48 75 626
49 95 1508
49 28 2348
49 22 1728
50 56 1696
50 74 1219
50 61 1653
50 77 1462
51 86 1503
51 72 643
51 77 1632
51 108 958
52 16 1565
52 12 1807
53 44 491
53 26 1110
54 7 2274
54 79 2041
55 0 2308
55 109 790
55 68 1587
56 96 2238
56 58 1467
56 51 1808
57 39 1941
57 19 1701
57 37 744
57 14 1799
58 38 1753
59 78 1383
59 33 1798
59 22 571
60 52 209
60 113 2024
61 39 888
61 46 544
61 44 965
61 90 1000
62 3 652
62 99 626
62 0 2173
63 25 613
63 56 218
63 100 896
63 99 1480
64 39 682
64 31 1147
64 22 337
64 10 184
65 66 1319
65 110 2237
65 73 1042
65 94 1808
66 109 1282
66 44 471
66 88 2181
66 104 1777
67 40 2263
67 20 146
67 27 777
67 16 945
68 1 1466
68 69 1933
68 50 858
68 55 856
69 0 803
69 109 1254
70 68 1964
70 75 1974
70 85 481
71 97 2053
71 112 2300
71 24 2467
72 58 1069
72 27 666
72 88 1266
72 22 1553
73 76 2277
73 59 1885
73 90 1439
74 19 146
74 25 1199
75 3 301
75 77 1955
75 15 157
76 57 1321
76 111 404
76 77 1818
77 96 501
77 3 961
78 21 1377
78 103 2270
79 102 1631
79 0 1202
79 99 1952
80 57 359
80 40 2385
80 50 465
80 61 1955
81 23 2394
81 50 499
81 53 2134
81 5 341
82 113 1944
82 2 833
82 46 1279
83 29 1761
83 78 748
84 13 607
84 107 2293
84 93 2134
84 33 1156
85 29 2316
85 55 166
85 53 561
86 90 466
86 52 1617
86 64 1665
87 29 1358
87 62 859
87 6 1264
87 31 1091
88 110 1459
88 84 298
89 29 448
89 1 829
89 9 793
89 39 1141
90 34 1997
90 105 302
90 62 441
90 91 2241
91 114 1853
91 75 1687
91 66 1142
91 12 257
92 102 232
92 26 1977
93 105 1201
93 1 278
93 110 818
93 13 883
94 93 2343
94 34 2028
95 73 224
95 67 1971
95 51 1472
95 6 749
96 70 716
96 92 1180
97 109 594
97 48 542
97 72 1938
98 61 571
98 89 1621
99 31 929
99 90 881
99 98 739
99 91 928
100 62 2344
100 76 2007
100 58 1506
101 5 665
101 2 1114
102 63 1159
102 20 1055
102 50 952
103 13 536
103 95 2133
104 74 1243
104 43 1321
104 71 193
105 52 1498
105 99 156
105 55 357
106 39 2328
106 95 276
106 75 2374
106 111 1276
107 106 2447
107 54 1231
107 50 931
108 76 2356
108 1 610
108 75 1261
109 61 382
109 76 2286
109 98 1226
110 94 1894
110 72 105
110 46 1912
111 114 1898
111 65 540
112 34 1924
112 2 280
112 27 524
113 28 1831
113 92 2027
113 71 2213
114 19 856
114 5 609
114 29 1162
